$ANSIBLE_VAULT;1.1;AES256
61643432353733356364363834616363346564626362363637363939313738303933623937336261
3933333439343364656131653433303461653830353737340a343163623461366265383661346466
63643163303235343731646563323035326533353937323333336436636330633763356338653364
3730323231336461320a643463343030643966633662386339353732393861373139656461363266
65623864353761313666653532653933306639616566376139303961666565353938613030333631
33346566313531393833323830396230333032306461303732313730366634663465383636373238
37626566346338353639646539636138656362363761356338376164353236363735623365363036
63313333366437366562373131376339376632393632626335343763303435643832323362653930
63373532393563313433396233643634623462636439306634623166643937376638356439303631
38356238333733396365303038396661333336653630353934623634653035383330393834643536
38316239383662306166636236653633353735363662303031303237396366346435346161373466
66393534396565656438366233373863376634636565626435663236633934346161653661386334
65326666636337376631336362353030346664343338323239653033333335656331616133363939
3937303064373633316534666633646638393361653138336336
