$ANSIBLE_VAULT;1.1;AES256
35396431343231343763646239616263646161386663356164613730386234313234373263613035
6461356432656232626237643534663231636538623530330a323835313336333561666431356430
37646261613536646637313730353262323533646438663338363439336364353134386335353266
3130323862643262370a636538313565663931653038366661623634636566643936323436366536
66333239623031346233633133623034303538653431353233396231663930633130643666316563
39363434356163343561393232336361373862396235383763353666646462336462353738643362
61363835366138636163313263363962366434393730373762333337643330623739313862336630
39613663373839393039326530386364656134393566333565633263316430356666653335316133
64656365393530336335373963396566356431643463363638623237616237663063393632323636
37356535303932396166343939353934353139373566623665306365306337626239646266623031
63373032353761623864626333616639643062323334613832393635623030343130663934353030
35613133376466633562376261636235336562396638313461306437353665626431383332383262
62323661306237613965636534623066656234373134326231363932653930306261303332303635
62366361343466666430653634373538623735646134303538306465633835313538323630653132
30656362363039303763363836636562386163373136653439366134623135653165623932653431
34366561643132656264
